0.134216550116602
-0.12740751537898
1.15891080664097
1.46413888305248
0.0143055200977938
-0.846873695491831
-0.42173458906151
-0.116506512649997
-0.258219548126771
-0.498041608164388
-0.312724561771684
0.0361075255557593
-0.280021553584736
-0.999487733697587
-0.345427569958632
-0.825071690033866
-0.901378709136744
-0.868675700949796
-1.09759675825843
-0.901378709136744
-1.01038873642657
0.210523569219481
0.875484735687419
1.32242584757571
0.275929585593376
0.210523569219481
-0.17101152629491
-0.378130578145579
-0.301823559042701
-0.672457651828109
-0.367229575416597
-0.334526567229649
-0.247318545397788
0.0688105337427068
-0.42173458906151
1.37693086122062
0.210523569219481
0.96269275751928
0.0579095310137244
-0.443536594519475
-0.737863668202005
0.243226577406428
1.11530679572504
0.0797115364716895
-0.367229575416597
-0.0838035044630494
-0.585249629996249
0.156018555574568
0.00340451736881141
0.0688105337427068
0.145117552845585
-0.149209520836945
-0.301823559042701
-0.21461553721084
0.570256659275906
0.12331554738762
0.0143055200977938
0.12331554738762
0.41764262107015
-0.0292984908181365
-0.0620014990050843
0.0906125392006722
0.646563678378784
-0.0183974880891537
0.243226577406428
-0.236417542668806
-0.149209520836945
0.515751645630993
0.406741618341167
-0.454437597248458
-0.378130578145579
-0.356328572687614
-0.258219548126771
-0.323625564500666
-0.367229575416597
0.00340451736881141
-0.46533859997744
-0.17101152629491
-0.389031580874562
-0.258219548126771
-0.378130578145579
-0.0838035044630494
-0.269120550855753
-0.247318545397788
-0.596150632725231
-0.432635591790492
-0.770566676388953
-0.71606166274404
-0.519843613622353
-0.345427569958632
-0.476239602706423
-0.781467679117935
-0.585249629996249
-0.617952638183196
-1.03219074188454
-0.541645619080318
-0.912279711865727
-1.02128973915555
-0.977685728239622
-0.890477706407761
-0.541645619080318
-0.803269684575901
-0.138308518107962
-0.367229575416597
-0.628853640912179
-1.0539927473425
0.16691955830355
0.0579095310137244
0.46124663198608
2.96847725965208
2.96847725965208
-0.00749648536017134
0.243226577406428
2.96847725965208
0.112414544658637
-0.0511004962761016
-0.585249629996249
-0.399932583603545
0.0361075255557593
0.0906125392006722
-0.0183974880891537
0.722870697481662
0.0470085282847416
0.199622566490498
0.777375711126575
1.57314891034231
1.85657498129585
1.46413888305248
1.64945592944518
1.06080178208012
2.96847725965208
1.00629676843521
1.32242584757571
1.55134690488434
0.842781727500471
1.48594088851044
0.908187743874367
0.690167689294715
0.820979722042506
1.10440579299605
0.145117552845585
2.80496221871734
2.96847725965208
-0.0183974880891537
0.177820561032533
0.177820561032533
-0.378130578145579
0.581157662004889
0.101513541929655
0.0579095310137244
-0.116506512649997
0.515751645630993
0.799177716584541
2.40162511774498
2.96847725965208
1.61675292125824
0.96269275751928
0.951791754790297
0.16691955830355
2.06369403314652
2.78316021325937
0.679266686565732
0.134216550116602
0.254127580135411
-0.0838035044630494
-0.0620014990050843
0.101513541929655
-0.563447624538283
0.16691955830355
0.188721563761515
0.374038610154219
0.177820561032533
0.221424571948463
2.18360506316533
1.2025148175569
2.21630807135228
2.83766522690429
0.897286741145384
1.49684189123943
0.00340451736881141
0.864583732958436
2.25991208226821
0.265028582864394
0.177820561032533
1.35512885576265
1.04990077935114
1.34422785303367
1.37693086122062
2.53243715049277
2.96847725965208
1.02809877389318
-0.0838035044630494
-0.290922556313719
-0.0511004962761016
0.624761672920819
0.559355656546924
0.12331554738762
0.472147634715063
-0.269120550855753
-0.0838035044630494
0.395840615612185
1.12620779845402
1.4532378803235
0.613860670191836
1.15891080664097
0.00340451736881141
-0.269120550855753
-0.726962665473022
-0.0729025017340667
-0.367229575416597
-0.71606166274404
-0.541645619080318
-0.323625564500666
0.0361075255557593
0.112414544658637
0.243226577406428
0.199622566490498
-0.0620014990050843
-0.378130578145579
-0.323625564500666
-0.0620014990050843
-0.225516539939823
