-0.356328572687614
-0.236417542668806
-0.410833586332527
-0.443536594519475
1.08260378753809
-0.683358654557092
0.12331554738762
0.919088746603349
0.0361075255557593
0.188721563761515
0.41764262107015
-0.454437597248458
-0.541645619080318
-0.116506512649997
-0.00749648536017134
-0.0183974880891537
0.243226577406428
-0.21461553721084
0.515751645630993
-0.0947045071920322
0.0361075255557593
2.96847725965208
2.96847725965208
2.96847725965208
2.96847725965208
-0.977685728239622
-0.977685728239622
-0.96678472551064
-1.03219074188454
-1.25021079646419
-1.14120076917436
-1.52273586468875
-1.33741881829605
-1.67534990289451
-1.22840879100622
0.0470085282847416
-1.42462684012791
-1.09759675825843
-1.1193987637164
-1.93697396839009
-1.8715679520162
-1.69715190835247
-1.57724087833366
0.559355656546924
-0.607051635454214
-0.705160660015057
-1.71895391381044
-1.69715190835247
-1.34831982102503
-1.52273586468875
-1.56633987560468
-1.20660678554826
-1.57724087833366
-1.29381480738012
-1.28291380465113
-1.44642884558587
-0.944982720052674
-0.726962665473022
-0.923180714594709
-1.20660678554826
-1.53363686741773
-1.08669575552945
-1.33741881829605
-0.617952638183196
-0.476239602706423
-0.803269684575901
-1.3047158101091
-1.19570578281927
-1.10849776098741
-0.944982720052674
-0.825071690033866
-0.726962665473022
-0.541645619080318
-0.944982720052674
-1.01038873642657
-0.857774698220814
-0.301823559042701
-0.694259657286075
-0.552546621809301
-0.356328572687614
-0.280021553584736
-0.149209520836945
-0.312724561771684
-0.410833586332527
-0.399932583603545
-0.399932583603545
-0.290922556313719
-0.345427569958632
0.0470085282847416
-0.977685728239622
-0.661556649099127
-1.17390377736131
-0.890477706407761
-0.149209520836945
0.0252065228267765
0.101513541929655
-0.105605509921015
-0.236417542668806
-0.399932583603545
-0.236417542668806
-0.825071690033866
-1.59904288379163
-0.999487733697587
-0.290922556313719
-0.105605509921015
-0.487140605435405
-0.574348627267266
-0.0401994935471192
-0.236417542668806
0.12331554738762
-1.18480478009029
